15 3
0.725942 0.914536 0.308994 0.392671 0.198900 0.253965 0.851543 0.807238 0.545593 0.678674 0.052032 0.853709 0.382302 0.481751 0.261292 0.903785 0.658011 0.716039 0.689065 0.203522 0.136643 0.120160 0.019725 0.904464 0.844093 0.311264 0.908844 0.423654 0.403077 0.635268 0.246974 0.686403 0.827763 0.670399 0.737255 0.382183 0.415822 0.301698 0.051210 0.421497 0.278440 0.401550 0.699321 0.616997 0.744629
0.214419 0.960675 0.384667 0.161183 0.372724 0.045426 0.302500 0.079298 0.467268 0.966597 0.985513 0.698576 0.736572 0.406475 0.929228
0
1 2 2 2 2 2 3 1 2 2 3 1 2 1 2
1
0 8
9 13
4 14
3 12
10 11
7 10 14
6
1 10
2 12
5 6 8
5
4 9
2
3 6
1
